  5.38
  1.05
  3.30
  6.13
  3.29
  1.06
  1.78
  2.76
  2.10
  4.07
  1.28
  0.41
  0.70
  3.49
  4.86
  0.90
  2.64
  2.09
  2.99
  2.25
  4.45
  4.13
  3.16
  6.92
  2.89
  6.50
  1.78
  0.51
  3.13
  2.01
  5.37
  2.67
  1.37
  2.78
  2.63
  1.96
  3.04
  2.11
  2.65
  0.49
  3.22
  1.95
  1.98
  3.00
  9.29
  2.34
  5.01
  1.36
  4.04
  2.50
  6.56
  1.29
  3.52
  1.25
  1.08
  1.15
  1.67
  3.06
  6.78
  0.89
  4.69
  3.02
  0.71
  2.34
  4.16
  5.07
  4.70
  1.54
  4.67
  2.63
  0.79
  4.94
  4.66
  3.77
  1.15
  1.61
  1.22
  1.58
  1.24
  5.66
  1.76
  2.11
  3.15
  2.71
  1.41
  2.20
  2.61
  1.16
  2.14
  0.35
  2.12
  4.17
  2.07
  3.09
  2.25
  1.41
  2.71
  4.87
  4.44
  3.93
  2.37
  1.29
  1.34
  0.96
  5.46
  2.67
  3.27
  2.51
  1.22
  3.12
  1.29
  3.24
  4.61
  3.27
  4.02
  1.83
  2.52
  2.52
  4.36
  3.15
  2.90
  3.11
  1.33
  1.13
  2.11
  6.13
  2.77
  3.13
  8.17
  3.49
  2.44
  3.89
  2.30
  0.83
  3.39
  4.07
  0.64
  3.29
  2.13
  2.77
  2.33
  0.83
  6.17
  5.49
  1.55
  3.07
  2.53
  1.24
  2.90
  1.00
  1.08
  1.82
  3.74
 10.83
  2.36
  2.67
  2.74
  3.11
  2.89
  1.87
  8.06
  1.70
  3.03
  1.65
  1.18
  4.56
  1.52
  2.17
  3.47
  2.09
  3.04
  1.87
  4.19
  6.26
  4.14
  3.94
  7.19
  5.01
  4.73
  2.42
  4.42
  0.77
  3.55
  2.33
  2.81
  1.36
  5.67
  3.34
  4.91
  4.96
  3.33
  4.04
  2.42
  2.04
  2.84
  2.61
  0.46
  1.73
  1.12
  4.62
  5.86
  0.50
  1.83
  2.25
  2.59
  6.71
  3.74
  1.45
  7.77
  3.33
  3.14
  1.44
  3.21
  1.28
  1.89
  1.42
  5.74
  7.47
  4.90
  2.10
  2.79
  2.55
  4.27
  4.47
  4.57
  4.65
  4.50
  3.10
  1.06
  3.00
  3.96
  3.16
  1.06
  3.73
  1.61
  4.56
  2.03
  4.37
  2.76
  2.79
  3.53
  0.22
  1.54
  5.53
  0.84
  4.05
  3.59
  2.03
  4.30
  7.53
  5.38
  3.18
  1.10
  3.11
  2.22
  3.33
  5.73
  1.04
  4.10
  1.49
  1.63
  0.54
  4.22
  3.58
  2.09
  2.38
  0.79
  4.54
  5.12
  3.39
  3.34
  5.84
  2.61
  3.89
  4.74
  3.09
  2.39
  1.46
  3.15
  2.46
  8.82
  0.46
  3.90
  6.20
  1.30
  2.18
  5.82
  1.51
  1.46
  3.79
  3.92
  1.92
  1.77
  6.40
  7.10
  6.21
  5.26
  5.13
  4.86
  2.86
  4.05
  5.33
  3.32
  1.14
  2.06
  1.75
  7.93
  1.70
  1.92
  3.06
  2.55
  0.62
  0.88
  1.21
  2.36
  1.99
  5.08
  2.58
  2.50
  4.77
  2.45
  2.27
  0.54
  1.79
  3.00
  3.69
  5.16
 15.80
  2.39
  3.55
  5.96
  2.19
  1.16
  3.02
  3.01
  5.08
  1.46
  2.95
  1.63
  1.67
  2.78
  1.09
  1.39
  5.96
  2.30
  4.15
  8.03
  3.25
  2.36
  5.30
  2.49
  1.92
  1.91
  5.04
  1.32
  5.81
  4.65
  1.99
  4.12
  4.93
  0.55
  1.74
  2.38
  3.89
  4.06
  3.21
  1.78
  4.39
  4.21
  1.13
  2.38
  7.49
  1.50
  1.98
  2.60
  0.80
  1.78
  1.57
  3.85
  0.47
  0.70
  3.53
  1.90
  4.78
  6.84
  2.51
  5.51
  2.67
  1.17
  2.47
  1.94
  1.04
  3.13
  2.80
  1.35
  5.65
  2.53
  4.41
  2.83
  1.20
  0.56
  2.61
  1.22
  3.74
  3.27
  2.98
  0.77
  4.88
  1.85
  3.25
  4.25
  2.51
  1.03
  1.89
  1.58
  8.38
  4.00
  4.49
  3.23
  0.34
  2.75
  0.62
  5.35
  2.62
  5.47
  2.52
  0.68
  3.52
  1.85
  1.81
  1.86
  1.58
  3.07
  1.87
  4.55
  4.93
  2.32
  1.58
  4.02
  2.05
  1.60
  1.94
  0.91
  1.60
  4.81
  1.82
  3.47
  0.76
  1.12
  0.60
  2.71
  3.24
  5.33
  6.79
  6.60
  2.47
  3.65
  1.78
  2.23
  0.76
  0.98
  1.49
  3.54
  6.80
  2.00
  4.68
  2.38
  1.97
  4.96
  1.73
  2.98
  4.64
  1.78
  1.20
  2.37
  2.02
  1.20
  1.20
  2.94
  1.39
  2.58
  2.52
  3.51
  3.02
  1.99
  2.96
  1.15
  4.40
  2.12
  3.71
  3.05
  4.43
  2.74
  1.69
  1.79
  5.23
  3.10
  2.03
  1.24
  4.98
